10852081
50570065
47843803
49815557
51510931
54249329
54195969
52794921
51915837
50803121
52467417
38456051
48085611
50850059
53763307
47995003
44465747
48304845
55882997
55868069
53763307
45825685
49140413
47602025
30213751
44501847
50850095
55898463
49808785
39786737
50496991
41570445
55601567
41816555
12963437
55841393
55725805
50657377
50657229
42921953
34834305
40359867
53763311
31132089
49820339
54390935
47306397
50657377
50657229
34834305
46052677
51422175
51569871
51364645
55034335
49815557
54226319
54306681
47733497
48143029
52427111
52062807
51650329
48141689
43844445
53923459
50600395
48628853
47776947
50683291
50228109
47548357
47548357
55348289
55118763
55823005
44905931
55722845
30655459
51642683
55865533
55844559
55823005
55784583
55722845
55722703
55693513
55674829
55518781
55480327
55415813
55393269
55369429
55348289
55334857
55325567
55275309
55275367
55215103
55194997
2184161
50288911
25685387
45771241
44905931
47251363
55518781
54791291
48294002
47946003
47464601
52411157
47605993
54281713
25685387
48294002
34515773
46688901
50305525
48568121
37430571
44091747
43721319
51147751
50020589
46548563
38842779
46267411
48717445
49884363
46620647
49269291
54473299
46547861
32984151
34091165
32082111
52658771
44383853
44968129
48912323
38942985
23568068
54324053
14868771
30871517
28300001
49220447
34157867
32073557
48315515
52448341
44084023
48541751
52312947
52564433
43566827
38763553
54462245
54070965
34702311
55800413
49656545
36971307
4519743
51766275
54499539
46372175
48139613
50301785
27179961
35125473
28519727
48544711
27267843
48583565
48141367
11544827
45967783
27430355
50026203
49322217
36798869
27925217
46085117
54003417
54357793
54297739
50471431
41193375
46176411
24341053
48864783
38026419
49259267
24089391
39511646
49888853
51579005
49482369
41782347
34480861
34093413
37510987
35141461
48303623
38032327
52856985
48641351
32555721
31448293
53343643
53387801
42907763
55372779
49621627
47287225
45882511
50358905
55266353
47299807
52581501
55571277
28558073
54412857
50799721
50251621
46353425
55158019
54451343
45575869
39972711
54798649
48006829
10650851
51992745
37074899
47142727
6399508
15058369
54099447
50658577
54500459
55152609
38739163
52927919
54567111
46887023
23136147
48540421
34260491
35460141
22253357
25373733
23450046
38325963
45964569
42221439
28210083
51958963
21750219
54608405
45753393
53390869
30655943
55219123
36561067
45823937
53987349
33383459
28744451
11894019
13497151
38285929
41557369
49934115
46512779
49419301
28744451
40354565
28966665
50110413
50863289
55537059
52336315
52759379
34824597
22239265
52334821
27831041
45970993
48484431
36345819
49179173
46389759
45134217
52429723
30829879
34549505
13029227
28963023
51285111
47626011
47903851
31901451
40272287
31742405
50658175
46283993
42916325
47228589
23715252
28200065
37653671
28349231
31338507
29142677
28744605
26849055
45021583
36545579
45510523
49175579
45425387
31262815
32355203
34716571
52497065
10473542
40142427
42712463
47594719
48365243
33479747
35513629
36099195
18257991
51144407
40696329
38920155
27836305
45519757
47873045
25584875
31891129
33549575
51196787
19473625
48967629
19752999
54048235
27590249
47702777
41169935
55251851
51999473
45785663
52089217
39275592
45552428
40056027
52711981
22478595
35355509
24786479
22813827
50392175
47955481
39782445
35833115
53476163
47295703
41170875
31769763
55803277
18565249
38832127
49906451
15620265
33642207
35188875
31013895
45436797
35973581
50206193
31338195
47474405
46512687
15782963
52429225
26092761
51674927
21290535
46512925
53641035
30808143
46197673
46021397
45682077
16987413
25862349
47542783
34506399
52289379
28361099
16141023
27221433
53896277
11862579
32596209
21471485
46336549
21821369
46513271
51951339
49306363
14609949
35758525
47680161
24459483
46401677
46242895
51157695
52244769
20581925
55135333
47238649
29551015
28361063
44587591
46203379
42517173
22254809
49295751
51757583
52179185
44458227
48321529
22345773
52287895
40590039
32567089
38574751
43300775
43167663
33481905
52174465
38904137
28361145
35379511
35397537
43883135
11465183
30831261
35972083
13991629
10464456
23499630
38940211
52169459
45644639
45579363
31242815
11272377
28541083
11836973
25944899
28360211
22461899
42493531
48197313
23800594
44169975
39796373
54263643
21903731
47796795
46559019
50331907
50469257
52763271
51657201
35832587
51466551
38784861
47474547
27854439
41537089
24996305
28580781
40413645
38918313
31870425
49751337
48418203
55593113
51103763
47497437
29632441
53946087
8478585
38422461
25719233
50893661
52456951
55633289
46658011
22299013
55464041
43114787
40479073
51714957
41670533
51750407
42933565
6193343
43454289
49214861
37527337
35681943
40721861
38829139
51806051
47475441
40296705
54359331
54767485
52235523
53007681
40135921
54602235
52137831
42696993
53608129
52222835
54621339
51112467
54076985
50106105
36875717
48365207
48959579
37243259
49973175
31866343
38931391
50600033
55409159
52741039
52833155
47907355
25252059
51601229
8525061
38483121
39691665
49474671
53739557
29141993
30589409
30258041
40256301
35101637
13913733
36931091
28158273
10931300
18281547
6788446
9840127
17083533
24233291
52371857
24851473
40748505
48407173
40632459
49292423
50242649
23468922
51983311
54689859
53488505
47732259
49290519
53498887
55532141
51149027
45032841
28570117
34894401
45501427
48426257
33089643
28128761
45464977
20414139
11243630
24786753
11330539
15343897
13185235
22802835
16839685
28995981
24649437
23120655
32556357
28711115
27425709
39016780
29311871
30151995
26744197
22901125
27625031
25978637
51824571
32557647
13114161
6615362
13991861
32495819
23135885
6497591
24788321
8092231
25251731
13891679
11615111
12048685
23157587
8343283
32552729
14570577
13188275
49174623
11243682
10096255
8222927
18673719
52694031
37778163
50336891
32505405
29056739
20558435
27254339
24903335
31730367
20715817
30980125
15570315
22936473
28247343
13742459
10957781
30761341
32504953
21206737
28217319
19686319
11271181
16340035
55962831
52897425
15862189
50713253
47180813
53155695
46454113
36125573
53637649
54381501
10559977
52466099
47300757
40398411
54267491
54415477
38616381
47474151
27995643
15758383
7767612
11130703
44891493
32364409
24888805
25875051
38725407
31259495
52139805
34899407
36927987
10663914
43434891
51863479
43200609
54042649
48092071
19245607
6948280
37933889
31856243
45980643
43198989
47475611
52428089
53334719
31470569
31128753
49289949
53707637
53866137
29937705
51154573
45044375
30164343
52495973
44086935
49319557
46155301
47617743
30433437
51786821
30981267
45786029
54230853
18983885
44690281
28327687
34814885
39258132
41150115
52801341
28703481
49949227
21747143
46816187
37395377
51498835
40236865
11465125
38179869
46477395
36756211
35457455
52524253
29802817
34503639
51747599
48568015
51153999
53349751
52188015
48249572
40089857
43515119
10730523
53197057
16065857
13493121
17219157
44285555
48151899
24712613
51715175
50740095
53613765
36980023
32380097
54083963
22299389
46370387
52355053
33228345
6399537
51782521
28181885
49423757
50538899
46545585
22894161
21261173
47022577
35486129
34750359
24980059
10931245
22769765
39588619
47797247
52090465
45305571
51909377
51816463
46613379
46209881
39527840
43995161
35068943
39634181
24100585
51620913
34260533
16165877
45471157
37410385
19602771
46843387
24158629
55661733
36283831
35759247
40483685
26459627
53871259
48963807
45819033
52325911
51005371
36046573
53318421
52619619
37567531
52154247
52154805
52851315
41167467
30346945
50833705
51823041
50801559
53208427
52558297
52938199
52418165
51802347
51688139
52703745
51173021
51690011
52480691
51800401
52437437
51416659
52579891
51741199
51345833
38365709
52101923
51345477
52346583
52361607
51552613
51509313
52214105
41742397
52035287
33899451
51959141
52931655
52852155
52646057
52325969
51509949
52101303
53102153
51005859
52621235
51782905
52436563
52016543
52101981
52155453
51549611
38150257
52937107
53231645
52200137
51898057
52580243
39410466
40410115
52505609
52648425
51643419
51553781
51898497
52913983
51627405
51604123
33900321
40514707
39583929
55761955
52383895
56010567
48545121
48075837
55202349
51407297
55763059
56014983
55270287
53274973
54589607
49468003
54742411
55321915
54895187
12244605
55168825
55843649
54709681
47235825
53866671
55935477
54895419
41419955
54059629
33901957
56032855
49932011
56024295
38080803
33365521
56038723
12244599
36881863
23627860
51282037
52566981
15880409
30707869
45794919
18282373
42967897
33321301
55922995
54399893
48362139
57441951
57497851
57291543
57365947
53259667
57252571
57530047
57495489
56755665
57498657
56815685
57486665
57491905
57427197
33728101
51861457
42931073
48962155
56494361
45859679
44368995
57274833
37168991
36157759
39863719
31033657
54331053
52858191
38633045
31108149
44459293
43442741
43853355
57474569
52780957
57333857
54746873
52384303
34921199
51309265
56821893
57435623
57522519
37953837
51275005
57474469
56835467
56074319
45613883
48107231
56147455
57420387
56910911
56816163
57084071
56835601
56680397
55168341
56147317
54454483
56681145
51546417
54478133
54656369
56931511
55169349
47532099
54519477
57494249
57495983
57472059
54453979
12101295
56949481
34048301
57364161
48287564
50417429
21008949
31277771
12101345
47412293
56737995
27887669
53351087
50285957
49564803
53322859
28812239
44457883
49564873
47900065
38137817
51923321
39919875
56992363
45632701
31348873
44071547
55992377
57588945
56915659
44449959
50127893
20787043
50285963
55684013
55359109
33876329
49953751
30777097
44070541
57951315
56761589
56296121
57035919
55729669
56808255
44466203
55435773
56933133
44449985
56917751
56147159
42538739
55105759
52040315
35007615
56454639
50639801
57615385
38553599
44447303
39595847
23988164
54158447
41578273
55057741
57192553
56789287
49953765
49564971
49496301
56896831
55755561
41544221
56663567
57359541
52866697
28171903
41136591
57481183
33600283
57367653
23558902
37263327
57719987
31481011
39595819
55508225
57370647
57192565
57668939
57702073
46204815
55705393
54819705
55684071
49305469
57820095
31833257
57880429
58400289
58139405
48396103
58422815
57735577
56805749
58462779
43659845
58463859
46390305
52838951
47508437
54032407
12150195
49442693
48898291
45150477
36817327
58400165
58323307
34455653
45288413
44853981
55242659
55077663
33625521
57555243
58648197
48946877
58452793
45729913
54267983
56506523
57705887
57945433
44387471
58278185
58139675
37088343
55752607
57731587
56543401
43734337
43459839
38800623
46204845
39595275
36310315
46280461
58870179
56993619
44804071
58104649
39988033
58814339
23131489
48147783
46054713
49248085
53488063
51395165
58843041
24972827
58703651
53504929
57330497
44183149
28730751
46321837
30094359
45608263
52976705
58858701
57448245
50411853
58537497
40200455
32189449
58850621
30033115
58849551
58546511
57843453
58776965
35132177
39704253
50589451
45960593
54153775
58741491
58755977
54864539
12217901
52102191
42826387
28856679
45288791
45866295
36575641
41418515
37866137
58293739
48015989
58887923
36094437
58879353
29063213
40408321
55057149
56832205
47233721
29260289
49150531
55257005
55042871
58093817
33134333
27587635
18845323
58895927
58898601
51264781
52111011
56736587
57822109
27897131
44076641
46441365
54185869
58199899
37070825
44804081
44447287
36053997
5286123
44079085
58139557
19800821
40353403
58126243
39595281
53941843
38800609
45524532
33038739
55843435
51936737
28060213
44070547
42927547
55878853
39987997
51646957
28605113
49952039
28197015
38825137
47465599
39919885
50417367
57752397
50639787
52367125
54435315
44079077
39538103
44076621
50303267
26250193
57669083
37336733
42590429
50123693
12801625
45724227
37511521
37410919
52265175
28605149
57815527
23298896
57189127
44086259
44071567
37651189
52040201
58278199
26348737
49089095
41924563
40322931
28605129
38170499
8264968
51330727
40808813
54357103
44457899
53777579
38137823
33485161
29249787
55105885
40353493
56992481
49564625
36976381
41768603
37949247
44466165
51994509
48151599
41581857
40322923
49564831
20796583
38791201
44810569
56098605
57705927
51894339
42201815
37024213
50128395
41871765
26368919
18155145
45253549
31114585
14834953
14923103
37123601
53902171
54185875
49284125
48478903
44264249
58665533
58583447
58597483
35079839
58054285
52549017
48710591
36979931
45511075
50468789
44884189
57364827
35738043
52252185
53614385
55392351
36194303
56500401
58054379
56631229
54974211
48676749
32380271
52355323
37773685
23456872
55440463
55624639
58144889
32394615
36756403
57388155
57753543
52842893
45574033
56787629
55420115
58365041
54602337
58471263
15620441
53663575
54181665
58216761
52493553
55349249
40710723
55419947
55743193
57590835
47766293
57106497
59067791
59089057
59064735
59067561
59049039
59118113
45523336
58947103
59102941
58761195
59006041
59080525
59023557
58996727
59041655
43009125
58117541
59067633
53142505
59035893
43343979
44074665
59006225
41353815
33559659
59049005
57278857
36133593
35161745
45615849
59010957
58761571
59049129
36077119
50833171
50581693
45654425
57556793
48267244
59136711
36011997
48527639
43859911
46447947
57482815
44371437
58990343
58612481
52065647
59072797
59085463
51842413
57566763
58870309
58621233
9521234
56767277
35472517
50159339
31744983
30187445
24291863
